

% colors

% dark red
red1 = [178,24,43]./256;
% light red
red2 = [239,138,98]./256;
% very light red
red3 = [253,219,199]./256;

% dark blue
blue3 = [209,229,240]./256;
%light blue
blue2 = [103,169,207]./256;
% very light blue
blue1 = [33,102,172]./256;


% green
green = [29, 95, 31]./256;
% purple
purple = [51,34,136]./256;
% yellow
yellow = [221,170,51]./256;
% gray
gray = [113, 121, 126]./256;